283
3443
3744
299
3894
4162
2707
1761
167
1430
3734
3038
1374
4424
870
1228
2390
1275
1137
4961
4316
2744
258
2950
2972
3583
4305
1705
1086
2571
3751
4017
4943
554
4181
4661
3307
4904
4091
4371
3844
2744
3777
35
329
3765
2918
2411
1873
3344
2316
1168
4787
3158
440
2755
4282
4169
3505
365
2373
3280
1007
2807
1332
3941
2426
2575
1667
3351
1650
291
171
2242
807
1217
2337
4685
2382
3051
4951
2897
3696
4212
1920
2649
1980
881
3118
3117
3264
344
3628
3462
1963
362
732
3258
2097
2326
918
1295
2988
340
1620
2815
2653
2733
4064
1645
291
3627
7
1105
4662
931
1837
1127
1381
532
2326
1571
1926
656
993
1024
4444
4584
1181
4025
4924
1626
3537
411
1416
2453
4326
2731
507
1407
3096
4649
4451
4804
787
3277
3156
4610
1119
1899
3677
4163
1495
3908
4283
4081
4326
297
3318
4953
1314
4642
2046
2049
4848
4756
2331
2345
622
160
3940
1961
3522
4264
3876
3678
4124
4365
2673
121
4025
4283
4081
3930
4632
1119
2859
1108
169
2868
1648
3682
2434
4819
1115
1046
4840
3383
4908
3243
1262
2049
2095
4461
3358
4785
2181
2933
104
2508
4224
1542
3943
1178
2581
3274
4712
1100
1156
3177
978
3178
4514
2857
4505
4997
3739
2441
4373
2860
1809
1903
2145
3534
2943
2342
1391
3116
2084
3298
1251
1058
2336
4231
3860
341
225
4128
1621
4316
3775
1570
2431
2472
2439
2305
4766
2226
2013
644
471
3211
1005
2017
376
4132
2495
3749
2965
2512
2002
4995
414
3929
1203
3396
3200
981
2853
4295
2656
4254
1616
4128
3929
2681
717
876
4920
4873
4869
904
3187
1302
3226
2399
4381
1809
2801
1818
2689
3947
3611
59
3986
4038
1426
740
1137
4807
1380
4769
4672
1780
3937
1612
2896
197
93
1475
3600
1619
4411
4667
2181
1921
1574
1439
2904
379
3450
634
3134
4898
3324
1261
1067
4432
2449
2483
4337
274
4807
1525
2593
3064
525
4983
507
4687
4506
4957
3591
2619
3880
2593
204
1241
3496
2049
1144
3384
622
1282
4793
4932
2148
4852
3951
1569
2994
3750
1670
3817
3359
4513
3673
746
1396
2010
3122
1864
3640
4120
1626
1445
2706
2522
2428
799
1893
1112
4612
941
3016
980
3451
1954
3833
4104
4693
308
4363
4582
2361
766
1082
4559
834
2090
744
1267
821
2798
321
1217
3374
571
2167
64
3628
2490
4242
546
4508
2163
613
4571
557
2829
4100
1501
3797
1553
2576
4240
4395
2747
2658
1254
725
2078
4661
3213
711
13
1332
2773
3411
3645
2437
1770
4289
2703
781
4468
601
4775
3136
1117
3082
2528
145
4298
361
4294
3851
2411
1901
4125
2613
3963
315
3532
3876
2909
1759
518
4746
466
3231
242
2954
3935
2668
2877
4979
3756
2834
2151
4112
3703
3931
3609
3316
3390
3114
1300
1811
3667
1837
4125
102
3527
3355
1012
1296
4045
1705
4742
639
4871
2149
1066
4120
393
745
2645
389
2493
2528
41
3618
3778
3609
4006
4103
2041
3650
2763
1167
715
2183
4495
579
1408
3869
472
3352
4243
3958
3707
1535
2963
180
3523
2599
2602
2751
3136
4450
1214
2596
2400
2411
2587
1618
2263
3303
4631
671
1168
3733
4420
4723
1315
1073
3778
187
645
3352
497
452
510
2924
1465
3865
1125
2789
3614
1426
2696
4001
3675
830
4763
950
1489
1991
4470
3715
4064
2545
4028
3356
773
941
840
1366
1037
3168
624
3440
1963
3856
2992
71
3848
2953
3932
4207
1840
3983
2614
1218
2102
3003
4718
3030
4835
3649
2882
3726
2966
1883
982
2143
2189
4688
4914
1620
2253
697
2586
1796
1771
4195
2619
2824
4550
4658
943
2126
1154
2921
4311
4180
2973
1846
1701
3449
3042
2161
2230
3281
4444
2129
3395
3309
3195
3432
3561
2690
1904
4120
1805
2556
3500
1406
2994
3547
1068
792
3088
3152
3420
2156
4066
4117
1872
2922
1741
1818
2602
1428
4052
4438
3924
4523
1189
1207
4877
2190
4011
2525
1640
2698
320
3516
2674
1619
4909
3314
1014
4555
3399
4461
2162
2020
1096
4778
3177
2888
2450
3479
82
3697
3604
1835
2479
1813
1940
189
3054
4528
1152
3346
4873
739
2035
3805
2441
4308
2982
4254
4070
4712
2044
2006
4984
4609
4255
1281
439
2314
3063
4268
2468
1912
3017
1123
669
4624
1005
1470
1768
2468
3551
4254
2787
2982
4609
471
4667
3323
1126
1380
1784
3590
2697
1621
3600
2860
2689
3194
1023
1367
2247
2134
3068
457
2441
2959
216
11
1985
379
3507
4250
2176
2827
138
4935
4606
4672
1032
4819
1487
3864
89
372
3858
3445
276
2904
4153
3119
4641
4221
2298
3161
2372
519
540
4604
173
2589
2879
4643
3905
1590
2115
4886
4837
1068
4889
4605
1169
3148
1125
3324
693
566
4742
2285
4242
2818
4283
3720
2958
4102
4051
2677
3868
2559
3880
638
3087
3075
4798
4675
4375
2005
566
4861
3809
3619
4311
3724
116
1705
3835
2867
4296
2014
4382
3317
4642
4389
3483
4337
2754
30
2835
3962
3780
2990
4094
3133
3255
1082
28
1980
2639
1913
1840
3440
4368
1158
3311
4824
560
4872
4415
2242
3690
902
1026
2044
1523
3466
4005
4122
2646
3960
136
1909
4458
3062
2081
4881
2347
461
443
3205
4678
4428
618
2614
2550
3889
3700
3495
4262
3826
1894
1505
2315
4795
979
1206
676
4809
3275
602
2910
2861
2756
1588
2675
3761
1913
3264
691
3019
4616
4731
3167
4938
4508
4177
3587
4009
1502
163
4489
1927
3834
563
1500
3175
4604
1184
1322
2279
3048
4521
1419
2465
4067
2751
1901
4151
4753
4622
1884
3373
761
2250
2997
2217
595
4814
1357
4396
3769
382
1579
3963
4979
1988
315
2110
572
524
4965
905
874
2267
1545
1901
3830
3508
3751
352
4316
3610
4938
4753
4555
2114
2142
958
1592
1874
4387
4869
2830
4340
4360
3606
3641
1572
2913
4112
2308
180
914
1109
4659
1287
4237
176
4346
54
1949
3944
4516
591
1287
4638
4476
4507
172
776
4298
3447
4103
2212
2751
4024
118
296
1988
1737
1999
3514
3885
1223
4615
1228
3623
2330
3101
3093
4871
3381
3000
610
4581
3553
4633
4836
3187
3902
1901
2755
386
257
2510
4119
3976
3546
3456
798
1283
535
4899
759
3389
570
4854
553
3003
3340
4439
1740
3729
3704
2793
3632
3838
4921
2223
740
4940
1316
36
1909
1945
4376
3430
1553
2861
2347
546
4526
316
2927
4372
4294
3649
2936
3843
3473
2910
4216
3325
866
4955
514
1110
433
1192
2150
3326
3699
3535
1971
3939
1991
32
4157
218
377
2761
2687
2135
4713
536
3893
4642
4675
4692
3115
2278
3208
1656
4287
1911
4232
1611
4228
3673
3741
2845
1314
2036
578
2437
2126
4412
2331
2313
4567
3029
3133
472
4081
3818
1899
3818
2673
2593
2741
1562
4987
1050
1730
1211
2092
1613
4432
3273
3262
758
3981
4113
3533
233
1727
2973
371
3302
2511
611
698
3309
970
3251
4614
4180
383
3446
151
4343
1732
2126
1130
577
450
2054
3469
1230
1255
1297
2418
3972
4164
11
3883
2788
4319
2943
3431
1449
969
863
2020
511
1100
1071
677
651
4902
4654
1281
401
1806
273
3656
276
2896
2637
4355
1722
1326
4355
1526
3289
669
3305
3112
4613
3764
2892
318
798
1608
3701
1612
3670
3652
2933
477
3387
4514
4493
2943
1655
4394
1903
1586
3814
3739
779
2024
446
1240
543
492
662
4695
4426
2200
4378
4390
3742
1655
4894
3045
492
4196
3974
3346
3933
1845
1985
3512
367
1784
2705
4097
2512
4599
3017
4766
4527
850
460
4613
240
2760
37
884
1198
199
1354
2169
1294
444
2402
366
2799
363
2424
1994
3647
2569
4359
2742
565
1317
2215
955
4744
2068
2654
4881
2068
1212
3006
511
1244
384
1598
4206
331
1602
1424
4455
860
4541
1387
4653
3750
1353
1997
1986
2765
2767
1959
4382
4036
1297
3064
3189
3198
480
4008
3075
3100
4109
2492
3930
383
4719
1661
1693
1282
3193
4726
4477
3281
3634
4025
4044
4172
1922
3088
3603
3414
3405
3427
3170
2269
629
3273
463
4408
943
2560
2174
4939
2100
4322
3414
116
1017
4845
3224
4464
2493
224
142
2268
218
2614
4147
3992
4666
2917
4872
2696
1812
2946
1035
3238
2804
4533
1047
2021
4449
486
4673
885
862
816
4032
3687
4343
1609
321
3958
3568
1698
712
3012
2019
941
703
890
3340
465
1184
4669
4428
4835
419
459
2822
3572
2550
2509
1752
95
2766
4823
2070
2029
1397
4647
3523
3532
3976
1971
2474
658
861
3037
2114
4943
1264
1765
4018
1987
1683
3703
1859
3734
3703
352
3443
1595
748
4758
2089
2413
893
2056
3033
1531
2866
3617
2654
4375
4573
1109
1141
3157
572
704
1102
4698
4519
4535
4714
729
964
1370
2415
1756
135
163
1568
3602
3505
3482
4883
3164
4860
3206
4775
4503
3902
2456
856
978
1658
4887
2291
696
535
1195
2114
822
4516
4997
4836
1478
3918
2894
4050
2830
4270
4293
1833
386
1692
1232
490
4836
1347
1042
2877
1242
2362
482
3311
404
881
202
1816
3874
1187
4930
663
3025
263
2425
4148
3797
272
3421
4255
1459
3660
330
3999
1877
1015
703
2228
647
3051
474
4741
4511
2632
279
276
510
3361
4930
1695
1803
4186
241
1539
2941
1331
3490
2859
4559
4991
2347
906
1037
3034
4375
4852
2731
3151
1888
2529
3511
3603
2981
1362
1888
3969
1495
1181
3363
686
4838
2182
4595
1112
4518
2022
3879
4326
3317
2367
4897
4914
4733
4843
3414
1491
4135
274
2561
1551
4910
1067
4852
2820
2384
2290
4444
2058
1031
590
788
3405
2619
2487
4180
3919
806
4292
1420
1783
2488
409
860
1134
454
2215
4276
1776
3858
3723
2693
285
3292
1780
2585
768
969
1023
1372
4456
458
685
1234
4785
574
255
1966
2723
3441
1548
3656
148
1428
410
4979
4762
867
2353
1032
1294
2349
3072
2151
3068
884
763
2508
3637
915
2714
895
912
3194
1331
651
1234
2327
4680
4149
1414
4004
4047
4799
3860
3906
2629
1010
1053
3134
597
3600
3540
3860
1281
1251
1027
3323
4575
1032
1657
1678
1925
4011
4132
29
4164
2112
2293
3112
4963
2310
2948
1414
3643
2569
2864
1944
3836
1186
4790
2050
2270
908
1147
3719
548
2904
1487
1548
1930
4011
2742
3801
4812
4672
2107
3399
4894
741
74
4164
229
3598
2047
4696
2320
3324
3087
3203
1159
736
3457
4034
3449
1753
1566
3439
465
222
3273
989
4473
1116
626
2634
1665
2891
3768
3940
388
10
2678
125
2690
2597
1224
4636
4627
3186
3384
1020
647
788
1495
4609
73
2603
4117
4239
638
4419
516
2074
1108
2376
1298
746
2088
1134
322
3603
1395
718
1406
4012
2772
3718
4053
4384
3905
4341
3090
4552
2201
3007
3246
2124
4464
4428
2288
4582
834
2975
622
4157
3737
276
4197
1991
812
422
849
3117
4449
3737
2901
2833
4159
1641
4039
4148
4290
3639
2168
438
2106
4903
2205
3019
1038
583
2347
2815
2455
3800
2923
3859
4028
2957
2535
1706
3889
1000
4717
4561
4612
3299
3343
4772
4768
1558
3837
1945
3462
528
145
3654
95
4364
1163
4801
550
2132
2244
4656
466
4900
4753
3241
3047
4982
2821
4659
3807
1632
3617
3991
3523
1078
3276
4516
1179
2196
4661
1167
407
3539
4103
3606
4181
2587
3620
4298
113
2773
1738
3263
3813
2377
3089
4792
4431
747
2532
2546
210
2890
4211
3583
2280
579
1889
2303
4519
1210
299
2575
4200
4222
3474
2617
3855
2043
2202
1398
2881
3358
401
1975
4383
4973
1591
3330
653
859
4788
478
2136
1176
3385
1477
4018
2613
375
2532
4144
68
623
4764
4566
2136
1239
4521
1322
3192
2777
851
50
1580
941
1946
1228
1722
4357
2878
4346
3583
4648
3366
4796
1179
1996
2712
68
184
1711
3606
4746
798
4697
675
2218
1351
1132
4504
4561
2214
4961
4403
3687
2870
1536
4111
123
187
3118
3249
4891
4533
4496
3040
558
588
1734
1740
308
3797
99
3729
1691
1740
1558
2660
1344
1723
2154
4835
3163
1319
2109
415
967
3131
4363
4027
3996
303
1851
1902
3905
4831
762
3007
890
2315
1263
902
2113
628
4170
3579
4186
3575
4161
2882
2987
3186
2822
1460
1303
1043
1291
705
2277
4509
2460
3876
4179
238
2784
4145
4040
3876
1562
206
4341
2040
2138
3372
2036
883
1849
2502
4603
4163
2423
1989
4106
1177
1103
2240
4435
2377
81
1540
3876
358
2820
2303
2148
4639
3088
4687
4889
4579
4770
364
2504
169
1805
103
3955
119
3405
3380
698
4545
3793
944
4557
1709
1488
1492
426
4192
2864
1522
3911
2783
132
4470
526
4571
4808
4514
3248
4609
3910
951
3710
367
2956
4175
1817
4267
2512
4611
768
4546
1231
2585
3598
515
2018
3140
4740
1234
500
890
3402
3508
1779
2959
2472
1071
4950
990
4679
612
500
784
4366
4270
3604
1561
2301
2653
511
1174
2151
784
3758
4123
2465
1662
3896
3720
2301
4308
2937
1735
2771
2463
1925
197
244
3009
863
2116
3399
1161
3810
1962
2839
3629
2698
4175
2686
22
3521
1354
985
2339
3151
4561
4321
2686
2832
2480
2697
4249
4859
2567
1305
4847
1301
3208
1435
2410
1962
357
3795
3768
3561
1371
4870
3391
512
1627
922
4756
1339
2122
1396
2552
1970
3809
2944
4236
4167
4326
3741
4066
2597
3499
1364
4996
746
875
4350
1900
4055
4021
1899
162
1445
2556
4085
3745
1278
2231
1009
3844
4636
2049
1293
3240
1864
125
3543
1652
4030
2781
101
1834
1000
755
4436
58
2066
1984
209
49
3412
1588
1436
935
546
3119
790
3145
1291
4962
4529
1291
4483
3440
2874
1560
2524
4943
4220
2518
461
2910
4630
972
2603
4809
4106
1967
2118
564
1740
4111
1844
378
2430
2797
2975
1199
1220
667
734
2288
3863
1157
1245
1279
3292
968
1015
2601
2804
936
4159
217
1878
3671
826
2815
2868
1905
1466
1481
1838
2764
992
2022
4849
761
3183
2633
3567
987
3663
3528
2583
4072
1518
3721
4959
1288
2268
4911
3052
4814
403
1299
2097
214
1610
4349
4353
4237
4017
3618
2429
374
2415
1953
4566
1249
1135
4857
3259
1016
1856
2342
4084
2762
227
1660
191
398
1545
3139
2164
2679
517
579
1081
2486
3762
1421
1958
4045
2596
1469
2456
2505
469
2390
1253
848
223
1591
2654
398
1797
95
1748
4130
478
4577
3056
393
462
3029
517
4726
1874
3536
54
227
2794
1518
4659
2279
3070
4792
2394
2220
692
905
4573
2906
4194
3866
2426
50
4045
4806
4647
4864
789
4200
2719
2873
1472
1893
2668
4594
4791
489
1231
1307
1599
4277
3517
3444
3699
4053
2726
913
3329
549
4763
411
1254
963
1206
1272
3485
2987
4104
3992
2109
1394
606
588
2094
2008
497
1340
4538
4254
4384
3535
312
149
2964
2591
4087
1149
3168
2030
4499
2365
2167
4677
2660
3861
1571
267
3829
2563
2671
3692
4046
3886
4186
2942
3365
4548
2003
2275
1353
3978
3930
2436
1760
1875
134
2496
1177
915
1399
4509
4502
468
3701
2841
2981
2891
1911
4713
85
2010
3170
3104
2111
476
3324
3075
2962
2872
1701
3735
4322
4145
226
1638
1402
3791
4154
4478
3198
2372
3850
2619
4118
3446
2410
1771
943
2133
3379
480
1043
2915
1681
89
1817
1709
4110
2467
1559
3814
879
3076
3185
3371
1001
678
4762
603
1831
3965
2435
1401
161
3800
681
2076
2875
2472
3409
2638
2507
1763
4369
2445
2604
159
3045
4803
4945
4564
4437
3360
4890
1718
3682
2701
22
1219
2392
4906
3659
4220
1685
4790
2243
733
2068
767
4906
4146
1981
198
1977
2888
4038
38
4192
3324
685
3162
1001
908
673
4493
2177
4654
2516
1436
376
1779
1104
3140
4465
3875
3595
3604
3594
4291
4164
2686
1741
2749
2775
4153
4146
4366
1650
4497
1159
4587
969
4528
3185
2035
4497
3771
4022
4844
1849
1392
4124
3966
4545
4738
512
3397
4473
1233
904
1758
4348
2197
3221
4531
2213
2320
2023
162
1915
1842
1638
1656
853
3161
1353
2281
3278
4434
938
5
1907
661
1134
3603
383
1445
1839
3944
388
4055
3634
2597
2772
2341
2266
1474
2380
4541
2313
1050
3363
2198
622
4550
1633
2735
2391
3677
4244
1303
4841
712
3205
3333
1174
2210
3077
3214
769
2262
3509
4345
1429
1684
1596
566
902
4694
1280
1267
1340
2299
968
3131
4492
950
4597
2958
2632
2494
2407
3782
4088
4152
3852
4115
2525
284
3949
1196
2317
505
4763
3191
4981
1047
712
3359
3109
4159
217
53
4036
2425
913
1086
3973
4597
3085
4182
2485
4053
2692
4212
1642
1102
3268
2022
843
4116
2751
3672
1481
1688
3984
1905
1636
1923
3902
4346
2819
4801
4736
2004
971
412
1021
3325
1260
3218
3086
541
774
3330
3082
747
4970
4736
1567
1251
2790
1738
1946
3834
1671
214
2808
3844
3016
3712
4839
3734
1180
3110
3218
579
2064
4173
2924
300
4091
2433
3443
352
1494
3429
2098
4638
639
733
1393
4947
826
494
4693
4512
4600
131
79
4238
1440
1283
4519
2171
4726
1172
1180
4761
1765
141
1621
106
1580
389
195
2026
727
3272
924
2059
1135
687
1646
478
3807
2156
2979
279
4796
4828
3175
829
80
163
4269
675
765
1271
3033
1322
3366
649
3209
2146
3321
3881
3404
1683
3421
367
3
2322
634
4471
1029
3300
1272
277
4405
3191
4772
373
4208
2939
3923
3704
151
3411
2485
2655
2946
1641
355
3389
2299
1043
4548
2359
734
2356
968
3201
3393
2838
57
4266
4027
2298
2477
1803
2865
1557
3675
2262
707
2275
2176
4603
3260
3030
3897
2928
4294
4046
3886
3743
2882
3800
3856
1877
3481
4457
3085
1192
2034
2040
1218
1202
1588
1433
2568
3765
1839
282
3955
4257
3363
5
3509
476
4567
2083
4704
1939
1076
3537
476
922
4502
2884
2876
4800
3806
3559
3981
375
119
256
1160
753
4541
4700
1009
555
1892
200
3831
3962
2907
1753
1783
4359
256
3515
1519
4385
4545
4513
4455
4786
508
4738
4776
1204
371
2962
2475
346
107
1757
1860
4337
1961
1643
204
2152
1392
933
1
4109
4066
1698
4183
1934
3463
2956
955
750
2286
2169
582
1230
1607
3604
3413
2525
395
4325
2480
4127
244
3551
985
552
3059
681
907
3226
82
1565
1548
4250
1694
2911
4086
795
2079
2237
1773
4869
763
4459
3247
4588
1460
97
2454
1912
2190
3833
3332
4816
3357
1230
745
4426
4794
3194
3371
396
3441
2472
3871
4732
2190
3388
4785
423
3031
2507
1685
685
854
4571
3424
22
1813
3922
1768
2633
876
1290
4855
3177
1354
2035
831
3238
1216
255
1845
1776
3119
4456
1244
4672
955
4427
1640
4267
1879
2956
285
3849
436
9
323
3813
1749
358
4348
4326
2442
1259
1323
2629
4905
2170
4657
661
4889
883
2590
4172
2202
1736
1771
2607
2278
1557
961
4407
3290
1564
4793
3269
2126
705
3458
3867
1480
4246
3621
3401
434
883
3757
4524
864
4440
4601
926
125
3884
4374
3772
467
1817
4525
725
546
620
2430
123
3421
2914
196
3759
1433
1672
4083
1532
32
4908
2397
203
3271
4955
2008
755
3737
2774
183
4115
4186
1089
4608
3627
4439
4990
1183
1721
2804
3455
2502
2838
1527
3468
4285
1906
1411
3113
4891
3374
4483
4772
3150
3227
3343
2317
4496
1437
2408
267
3901
1984
2397
4709
1171
4529
4648
3065
1299
2157
699
4659
2766
2618
3523
3461
1419
3873
3576
154
4243
2433
4265
1451
3022
1356
726
2187
2295
3183
205
3918
1822
4653
239
91
4204
3751
2894
1692
4026
580
957
992
4615
584
671
3056
2213
975
4736
3047
2447
258
180
3426
3498
2422
4383
210
924
2276
2146
4450
614
3004
4566
1109
1382
2267
1019
253
3599
1936
13
3474
1517
3855
1172
3279
4472
975
4540
704
3213
118
2486
2991
2263
4814
3029
4710
1507
646
3074
761
3855
365
393
2656
4204
79
1531
1524
1141
2330
2291
2757
653
4783
4418
4648
1572
1455
2448
4259
2433
3812
1541
4360
4743
3528
3707
1711
870
852
1289
3082
3084
1304
3164
4732
1754
4858
567
3935
4327
4383
4091
4286
1752
3048
3052
3814
4841
466
3983
1807
1510
2201
4990
448
2073
3004
1920
2833
3563
445
1885
1948
3733
381
3430
2271
4662
719
4529
3397
2545
2793
2591
2554
2628
302
4194
1557
877
4850
4944
4666
3163
866
1127
2898
373
1415
4262
1991
1560
1695
224
1812
1941
2715
1913
498
4401
3397
3085
808
4543
1573
73
2820
2502
3806
181
4513
1383
1939
1375
2182
4502
1013
2309
2341
929
4798
1577
3741
4135
2621
3908
3483
1356
3230
4541
1259
3023
2318
544
3156
622
530
316
4078
1311
3165
1540
1998
178
846
1270
4837
413
2294
4666
1144
551
3100
2355
2944
4359
4144
1915
1402
1480
2492
4914
1327
2354
689
4743
566
4927
3083
237
2709
2724
2780
1637
2689
379
2665
3746
4606
4510
3177
2322
2814
4509
3406
1608
2566
2697
161
3787
147
2805
1453
1216
4808
4415
813
700
3714
1593
4093
2997
3710
4877
1955
3970
3519
2615
2704
930
2080
3265
4890
3072
2076
1159
4650
3507
161
3674
3648
2883
1644
2875
29
4486
876
2926
2989
4047
350
4967
1010
3346
1694
991
2604
3441
2970
2551
4136
3823
3286
1104
1203
1324
2653
2076
1071
3643
2982
4097
4362
4394
137
2947
845
2108
4527
2875
2904
3771
2629
4235
3965
2659
4312
442
4967
3349
2360
2248
565
3119
4881
2659
1515
4089
2665
768
3418
2566
603
4609
2354
484
435
4671
1746
2912
4311
3841
2677
332
4337
2978
1402
788
1084
3959
4949
418
948
4852
34
1600
1771
1922
325
2163
2005
2230
4639
626
4852
4658
4949
4407
827
4971
4914
4440
4692
4062
2515
4223
4397
2966
3767
2189
4524
544
585
1259
462
3603
2504
4205
1647
3735
4386
2597
248
4077
4214
270
3677
4451
1068
1300
1116
1375
3115
1002
4923
4694
620
979
4457
2524
1422
2683
2889
139
319
3797
142
1539
4543
2008
1312
2180
3094
422
2466
1794
1523
2988
1433
2430
2671
158
1303
3163
3293
4768
1268
3733
3865
1963
2655
4230
2601
1790
818
2847
3733
187
2591
4951
2130
4718
773
1160
1321
1209
3843
3579
2490
3696
4104
1954
1869
3898
53
321
3718
3485
2715
4251
2102
719
411
1130
711
4054
4297
3913
3840
3592
2803
851
4243
4091
4888
4544
2070
1246
1361
936
1145
412
13
1660
4151
4274
2404
3766
4899
4072
1838
983
408
4661
1145
1016
1154
733
4900
1743
2486
1692
3452
2319
4805
4581
2427
1168
1563
3667
2866
2773
1579
265
4937
4476
1003
859
1315
3029
4169
1545
3583
4116
2812
3411
4357
2769
3404
113
4286
1363
2546
1660
135
3807
184
4327
1811
2606
2459
2209
958
3250
4982
4578
1117
2618
260
482
80
2725
774
1879
4899
3183
1180
2010
2858
3721
382
1996
1699
382
3878
3588
1856
3812
2734
3620
296
50
2128
3254
4810
1397
4937
3038
3343
3025
461
1542
75
4071
2485
3774
330
3800
2117
4685
4522
4969
641
4973
620
3531
1527
4117
146
4064
1732
1816
4380
986
4001
4496
641
542
2271
794
4608
438
3711
1505
3688
3700
2531
39
312
3205
4702
4767
4990
684
514
99
1794
1751
4216
2704
1514
2246
4867
755
3278
4939
4567
2152
2092
2104
2981
2718
3895
3925
4754
3483
3820
1585
77
2981
4996
4893
3269
4752
4636
3039
842
4322
956
2969
1853
2754
3453
1736
604
1392
2324
190
550
626
3880
3835
3685
2763
3831
332
4939
4554
2156
4517
1956
3504
181
3543
1173
4901
4752
4501
1320
4980
750
3107
133
52
1895
2995
3911
1559
2938
702
2002
868
2045
2736
22
1912
3468
3760
278
1817
2753
4353
3454
281
1156
1629
4730
817
3162
1565
1677
1944
3665
1137
1694
4592
3215
809
2237
2375
2474
3222
4459
2805
2468
1504
4543
4123
1802
2622
2993
3305
2622
2656
4291
3566
598
3371
4781
4812
3961
3764
2578
3643
152
1694
2701
1586
350
1380
2013
2371
370
768
1251
3301
2829
432
4751
3512
186
4183
608
4808
3018
2530
1912
4101
3888
2450
3911
2937
2997
2857
1207
962
9
916
791
1230
4404
2938
368
4570
4201
3428
346
3630
1079
4865
1204
3010
915
2868
4227
2582
1585
2458
2876
4348
2511
1652
2990
116
3457
3064
3309
1169
888
871
1937
108
1857
2724
4534
943
3207
2088
562
1286
4490
3872
1311
2808
2934
3486
2666
1582
1507
3656
3994
2773
512
1265
1181
3252
349
2405
2556
2666
1479
3767
3610
4147
4060
2275
881
3021
3260
1243
596
3044
3419
3711
14
2889
377
1609
2572
212
4955
3223
3338
2077
4916
4598
1890
188
2889
3898
3992
2481
4138
4597
1295
1188
4522
1123
972
885
536
4977
587
3485
231
2610
2743
2737
58
1046
4159
303
1712
3936
4720
4565
452
2815
279
1536
2501
3890
4853
4801
1228
4875
2316
1085
4810
4943
4233
347
4130
1579
2683
1800
2394
4705
4569
1066
1563
1889
1683
275
3536
4934
804
4788
2029
4832
738
3394
4961
4637
3279
1094
462
2740
1623
2950
4068
1646
1927
3056
3074
4435
2175
11
4659
2427
1365
4871
1003
579
201
2984
2645
332
614
2183
2052
722
2460
4896
3719
3862
1466
4479
45
2252
3602
4238
3663
4054
3575
2303
3123
3259
3070
4594
910
1914
4233
4155
4360
3721
1528
3553
4970
1249
4454
473
1113
999
4018
4454
2723
3415
304
3501
1579
2716
4125
490
4993
1329
905
3245
687
434
632
3241
3366
2920
4353
3730
3422
205
393
150
3707
1149
2291
1007
4801
4934
2106
4702
935
1679
1156
1575
2658
196
2826
3932
1878
3477
708
3398
4908
4669
1263
3786
4133
158
334
1438
3901
385
1411
4046
4903
3619
4725
4981
2292
1778
2335
3412
1773
142
1808
303
2715
378
2416
235
885
3257
4589
438
4552
4750
553
1486
2430
3688
4143
3722
4244
276
3434
71
2759
3748
596
4499
617
2102
1235
1604
364
2666
375
2925
2895
982
1399
1274
562
555
3780
1435
2432
2694
1445
3538
256
1948
3453
2973
1119
1067
2133
4440
2391
698
1349
948
3057
839
1072
3745
2806
16
4283
882
1792
3934
2817
4605
3036
1004
3391
1107
2640
3867
2543
1727
2879
297
2548
775
3092
4988
3147
1129
4560
4945
2018
2937
3911
4250
1559
1841
278
1981
2247
1244
3327
2392
2863
2223
3018
3697
1921
4366
3656
1185
1104
1372
616
994
1267
2402
3577
97
3753
193
2892
1412
2072
2300
297
1186
2181
3525
2723
1762
4231
1973
2463
3823
1483
2480
2091
3399
2358
1165
3488
1809
251
3757
2622
1559
4097
4781
2076
1302
1225
2346
1040
2483
3677
4510
4691
589
3682
1321
3839
3665
2445
193
1138
745
460
3116
2360
428
779
3238
2360
570
4196
3512
4245
4175
3629
3982
2622
273
1685
189
1458
3265
1096
2068
3035
4935
3342
4518
962
2947
3594
2633
269
3937
4110
3468
4385
2823
205
3839
3107
3282
4497
1262
3787
1574
1997
3460
732
4738
476
2039
832
4568
1054
3380
428
2919
3428
3556
2095
1753
2763
3831
1726
215
34
2488
4733
2294
2138
4936
3920
3277
4774
4893
2430
2129
1301
3779
1693
1615
4016
3574
4044
2457
2230
2335
3244
749
1112
3285
4726
2376
1108
2027
2780
398
1853
305
4120
2745
1388
4627
3161
4412
827
4743
3640
1061
173
2533
2748
4083
2733
3292
769
2275
505
1022
1557
1834
3789
4380
267
1415
3627
1778
4122
2311
825
840
1319
2113
4944
3422
4014
4225
325
1968
2800
1114
4432
2154
1199
588
1171
2007
703
3627
766
3614
1979
2856
53
2738
2664
4860
3040
2168
3343
1268
4951
4779
4106
4880
3953
4099
344
1856
2808
1914
3385
4982
3026
804
2048
425
1257
1051
2263
2429
2336
253
3917
2536
3588
2691
3560
3641
4125
2465
223
3127
1969
4892
1386
490
2196
4103
2984
236
2976
3448
4155
3945
4594
1874
195
2740
299
141
3773
3157
3330
3284
1242
3218
1236
2213
2192
3897
1450
361
3602
283
113
3602
1748
1905
2794
1451
761
4832
1094
3070
4445
2518
3777
2913
1865
3812
2122
2342
2924
3691
3873
3894
4261
1109
2023
671
1172
936
1416
3564
1295
3412
3890
1535
3447
2564
1745
3097
434
576
4796
4551
4926
455
615
223
759
1069
4495
4947
1154
541
4417
2917
3794
4152
3797
785
4818
4428
695
3066
2759
3770
2789
3657
2949
49
4377
1613
284
3996
3874
2704
3927
3102
2109
4098
4561
3292
1849
88
2562
3478
2502
3675
3748
3914
4207
36
1819
4750
918
3299
2397
2284
231
1465
241
7
2172
4616
3145
3021
4952
785
707
1422
2774
1769
4010
4354
1705
1484
1771
388
2027
4897
2277
4576
2133
2277
431
1435
2432
755
1993
21
307
4953
853
4847
2891
69
4260
4754
3930
1875
2460
4957
1736
2095
538
2806
1788
1674
3261
3069
1336
3221
2099
2159
3453
3198
4747
3318
986
4953
145
1530
3496
2685
2713
1052
4304
875
2751
1727
1648
2354
2133
551
4927
3182
3561
1516
4201
74
4600
198
2753
4052
4110
2261
818
1324
2116
612
1372
4917
2392
4588
3454
234
3911
4312
212
1034
3800
458
1273
4851
2727
3974
2604
138
156
335
341
4136
1358
4766
802
4844
4448
4609
1318
3339
1159
4635
2298
1720
2900
1616
3551
1685
4254
165
3986
3853
4885
2190
4885
1819
3339
768
4279
3335
3760
1379
3339
6
3045
1088
2989
2516
1824
1677
3828
2468
2670
3922
3508
266
3450
3611
4123
4004
4920
309
1734
693
2226
4553
570
1886
3775
2998
3823
1762
1809
266
404
1159
4855
460
4917
3327
2013
1199
4679
1104
1395
3116
619
2540
2872
1930
2846
4755
4762
3108
608
4461
537
2737
750
4635
2
1907
320
3771
2450
4254
137
48
2686
4052
1754
1096
578
4942
4865
4180
4012
2750
1982
2638
569
4477
1328
1
1140
402
3147
4797
3058
2172
3428
282
2589
904
3138
2372
728
1633
3499
2414
1943
3772
1746
4338
1858
2795
1215
3039
2391
827
2198
629
3204
4494
637
3083
1752
51
2925
3574
645
1787
2685
1714
3027
4960
723
2122
4625
1291
1015
2135
1844
3939
1766
2502
4277
1663
1794
3018
4985
2077
4057
4254
3440
4071
2687
3642
4032
3554
2488
1415
2893
3069
1390
587
4492
1849
549
2932
2837
4075
4053
2726
1672
3882
773
3315
2374
4662
553
3141
954
4655
1498
1878
1963
4285
3687
2932
3531
3623
99
3407
284
4809
4529
4248
844
3241
2254
1118
2954
1502
3773
2790
3136
518
4853
4788
658
3351
2691
1341
4483
2873
4018
3527
3866
1886
1774
1348
692
3048
658
3209
3366
469
1671
4297
398
3549
3979
63
3680
1167
874
3694
4814
517
3291
1283
1747
2663
1683
79
2906
3730
4775
3187
2149
1242
1352
4333
3426
2518
3422
3730
1752
3984
4409
545
2351
2022
873
1397
3330
1636
3489
288
249
398
2617
4247
3560
2340
3349
4409
1271
1271
1499
584
671
1124
4162
626
2984
1462
1550
2400
2486
3834
3394
1260
914
4875
4787
3158
3086
535
3146
4383
2906
2588
1595
4116
18
2542
576
2065
2097
3218
4864
3093
4943
2218
4076
3730
275
260
4252
348
2748
2798
906
459
751
4981
3322
3338
3300
4669
1010
1038
3910
2541
1920
3797
1703
3686
4380
2704
3923
3614
3477
3848
1663
2350
617
4779
719
924
4867
4616
3153
3506
4273
4138
2605
4285
482
3752
195
3421
87
1587
2932
4262
2502
378
2898
4071
1777
57
3168
667
808
4854
3361
4640
3886
105
3704
1305
4014
158
4163
328
392
4636
1091
1346
2075
2735
4322
2644
3342
2574
1810
647
4856
3096
1850
2414
364
1849
4365
1799
2820
4300
2032
4910
1270
3302
1130
3240
2244
2685
1814
2538
282
2850
113
1360
2129
665
4660
2363
2032
4225
3309
3100
3115
4019
3876
2603
2435
1255
2229
1221
4773
1244
795
4588
156
3661
3216
4316
1952
86
4501
3140
1302
3116
1313
776
3274
1278
820
907
458
3864
768
1868
4048
2637
368
2727
3467
2151
4536
880
2121
1182
4844
405
460
3185
2739
3435
189
1405
3682
4443
1203
4968
619
731
3357
4725
4139
1809
3402
3993
2103
779
2252
4369
2965
2746
3788
1666
2582
1884
309
1903
4086
2293
2210
3328
867
582
1027
3874
2805
3792
1973
3689
1685
4279
1457
2982
3764
1784
2732
2551
3911
2125
3680
3883
1216
2853
3121
384
242
4127
2858
1930
2849
43
625
401
3009
930
818
1294
2091
2626
4280
3952
3875
4204
1817
3629
1651
2799
854
2627
1395
496
4518
846
3060
3410
2741
4191
4315
4343
4923
4889
4692
2185
2449
3471
222
3427
25
1418
224
4683
2384
3234
472
4847
4518
1269
3589
2824
131
1629
342
2092
900
787
4601
4494
661
3368
2492
2552
2522
3677
4287
2779
2903
454
2191
3386
4372
2843
2477
1514
3847
1851
4331
303
3907
2352
2993
4186
3567
3545
2430
3998
3726
3513
267
1819
4904
866
2085
4427
2040
3191
641
2145
3043
3311
1995
3614
3826
1618
4324
2158
2837
1111
2664
2481
1963
2562
3996
3686
2419
2338
794
851
3348
1038
1056
482
641
4973
2699
88
2509
3704
1047
1114
553
1272
4981
4644
618
2180
2051
2232
1105
536
2038
2920
3082
2146
2254
2029
167
3470
3762
347
361
2751
3834
2869
4388
2029
928
939
3146
4883
434
2235
3491
2785
1759
1856
1905
3447
3486
80
3015
3330
927
3369
639
4788
4887
2950
1623
1657
18
2941
370
618
3602
3860
874
804
1030
4727
3740
1444
63
91
296
184
4045
4693
2022
4501
1343
260
3510
2840
4215
3894
1419
3355
4693
4435
949
4788
1066
3920
1729
4282
180
382
579
1337
1191
1176
882
2011
451
2596
2980
1268
3635
3400
4310
1923
1661
4270
2553
2254
1322
4787
3206
3224
671
2385
1473
3840
1567
3790
3721
1910
4327
3812
1782
3831
4670
4796
4689
3308
2250
4012
3549
246
67
3497
3433
209
3865
3572
160
4527
366
3822
4994
667
2271
945
218
1935
4001
3910
4391
2535
4522
2389
1146
3287
3347
1153
1196
609
1206
3975
3623
2789
3889
2509
3822
1712
3833
2605
2473
188
766
1308
3106
1089
1218
4640
4750
773
2579
213
192
142
1769
1539
3473
4110
1877
2283
3242
1390
3228
881
2131
2040
2311
4273
2953
125
1697
2711
3640
3845
1190
2143
3306
1041
4782
714
1314
3230
1615
3868
1479
4370
4176
3854
2903
3673
4078
388
1864
2547
310
2010
4829
1864
4567
1243
4322
2561
4347
69
1915
1929
736
2216
993
1006
4687
2921
3994
4109
4137
4118
2423
4287
1753
1693
368
3159
2221
1297
1332
757
2281
2096
710
3137
1728
3720
2425
1880
70
1681
331
2535
4114
702
471
537
1368
1129
973
4840
860
2200
1203
2637
174
1598
4291
2860
586
1060
3041
3746
248
3892
2938
2766
2211
3238
951
1001
2293
2992
4160
4316
1731
1442
266
2633
189
1538
22
547
795
4447
4125
2959
1529
969
2
1203
3169
2200
1156
2682
3637
2911
4250
4114
2853
1731
4624
4821
1147
784
1335
607
2119
3503
4206
3475
1824
2555
1990
1717
3409
2364
414
2349
4422
2167
4267
2922
216
4093
294
3573
4183
2590
725
3018
718
1014
3247
3134
2314
1170
3301
784
987
306
1543
26
1227
6
619
973
1337
3243
525
947
4992
4348
3414
2973
2681
4423
2432
4090
2651
4356
2731
2868
4012
1503
4554
849
532
3768
4595
4988
3184
1144
4870
697
3368
2384
2281
454
1974
3526
3795
2867
2598
2457
3449
2529
1633
4163
3709
177
336
728
4700
974
4743
3186
4580
2212
970
3320
1265
3395
1018
2273
4506
1431
4228
3780
388
1166
1305
828
3055
1209
2874
782
2975
2490
1980
2782
527
3253
2389
4868
679
3386
613
2012
1539
3905
2898
2704
2696
4278
2886
2150
976
2348
4589
972
2117
790
3837
3398
2688
3241
1691
122
526
3545
2829
2322
4529
2168
984
3
4432
3639
3953
263
2957
3444
2848
3733
1641
4290
3210
4818
894
1257
4226
2954
3730
4349
1752
2426
4373
3318
4686
4544
837
1055
2024
3980
163
4173
1992
1518
4282
370
295
3716
4358
3755
4003
4882
3011
1163
3378
2173
3217
3394
451
632
2056
748
2762
306
1595
3869
1490
2730
4360
2437
1971
3528
3596
1490
1055
1326
743
2011
1069
2672
3352
3725
4020
3553
3510
2528
1946
3038
882
3114
4409
3011
1288
2724
4418
1210
2164
3139
4577
2351
932
1822
4031
3719
2528
3613
3564
2672
2433
288
1859
2866
2913
3528
1120
2196
852
2390
1574
1326
3325
1223
4431
3098
4305
1481
3716
4173
4237
1658
1513
4948
1184
1195
499
1167
4771
2047
1500
118
2821
3663
210
304
1983
2400
1987
3437
2431
287
2553
4573
870
2128
4506
680
363
4247
2676
2583
4125
105
4027
3062
1132
2239
869
378
1618
4527
2692
3822
2518
351
1885
4266
2524
3347
3242
4487
2025
2085
2260
2398
1114
422
777
855
2386
1931
1945
4219
1881
1679
2675
1950
2071
1755
415
2090
4625
4713
557
3737
931
2964
891
3163
935
1093
2393
1153
3044
15
1099
866
3806
3854
4481
4408
4999
4513
4848
4356
134
2324
810
468
2335
1263
4531
2096
4687
1667
2147
3942
1846
3845
3731
986
4893
1121
472
2207
409
842
1703
4326
1943
2717
371
4090
1435
2598
1712
445
4211
1293
3088
1229
476
710
4444
749
3208
1045
4992
577
904
2854
81
306
156
4840
3017
1895
2714
4724
2534
1706
1891
4267
3020
4528
1221
1042
4553
4781
4065
2503
122
4308
3989
1780
3705
1772
4220
4307
245
3947
2362
203
3406
1763
3108
4773
1208
3119
2035
4255
4991
3578
3952
216
15
1414
3512
3799
3480
1586
4447
1147
2252
818
4877
4521
1341
2904
225
1824
219
4385
1717
4098
203
1028
1159
4521
2323
2252
3674
2860
82
4171
2948
4038
2801
3626
1277
694
428
2224
1335
4564
4465
29
4171
728
309
842
2846
2463
3565
915
1990
3705
2578
1225
1367
4979
3259
2226
2020
4433
1526
143
2787
1449
2484
2544
808
2965
4351
4650
2307
4596
1820
4312
317
3929
3289
2155
1345
831
2096
534
2973
2526
1739
215
2962
4722
638
1041
1030
4897
4482
3014
1970
371
1590
3731
1892
3779
2603
4988
4882
540
3165
1072
4756
3189
686
4856
3197
3879
3432
2872
1842
1801
1498
4021
1959
3129
926
2240
2165
4936
3057
2318
4518
1336
1892
3994
1467
3741
3880
1325
3713
3028
656
578
4614
2283
394
3932
4197
1679
1620
53
2999
2671
2541
4395
60
1241
4813
4436
3489
3007
110
2898
2829
3649
2161
4260
825
2889
808
1110
2102
2120
1799
3003
1105
635
808
553
4784
4075
2490
436
394
4143
3398
3756
321
3288
1245
602
725
498
3275
3979
1272
2078
4607
3800
1778
4005
3419
2789
656
2761
2928
3936
2653
1650
4570
1160
964
1326
675
3231
1094
2344
2906
1403
31
4076
3778
2877
3082
3026
2171
4728
3867
2061
4512
4508
4974
3241
1260
4943
179
4310
4503
2153
3086
494
3963
2558
4328
3635
4162
2503
1283
3527
4148
2280
416
1432
3984
2950
1554
1898
2061
4665
3303
2052
416
4857
692
2355
3755
3447
3400
3781
4169
3830
1687
2645
612
3447
759
889
3132
4959
1090
774
1572
2505
4204
163
2821
1432
3830
485
2320
3325
408
2171
1550
91
2691
4211
3803
2501
4637
914
3224
4836
407
2268
3693
3199
2316
2400
4364
2606
1478
1833
3894
1195
1275
4933
782
2228
4570
4841
2535
1631
3430
4143
3964
4032
49
1456
1510
192
1869
3253
641
465
2275
1029
4912
3040
2044
2605
272
2502
3568
1024
558
1319
583
3094
3347
2983
192
3416
4198
3434
1980
2506
1482
4000
1631
1908
2296
878
672
4612
4784
3069
2131
1164
4895
2369
2124
250
188
164
2852
32
2893
1684
1825
2646
941
4405
4401
3032
3186
1298
1364
3930
3986
4760
3436
3809
2784
2570
2526
1555
4567
926
1399
468
629
686
937
3208
3128
12
1764
3985
1943
4361
2460
3427
2678
2802
622
959
4914
799
764
1602
4003
2608
3644
2831
4135
332
4311
2537
121
201
1600
2326
2395
638
3193
3092
1256
2269
3039
997
4563
736
1396
4595
2401
51
162
4077
4034
12
185
4210
4478
2980
2197
1360
3005
2298
453
3399
1269
3873
4778
1985
4101
129
4183
2611
143
4199
2878
3274
903
1137
4908
1973
1891
269
122
3002
1075
619
4744
3289
1717
2578
2441
1607
4553
617
4542
4773
2301
4602
561
3054
1273
745
955
1977
2810
4272
212
1867
4498
1074
538
3643
820
1262
3665
3450
1471
3286
867
1597
1262
2937
165
3887
2959
2516
2445
1529
1678
2544
3904
4037
159
1685
1634
3637
4821
543
1036
3810
4158
4123
2686
1449
3708
266
317
4312
4676
2314
607
4719
962
2670
391
161
2467
912
854
3353
2238
4972
4433
3339
4587
1290
1608
2555
2068
2930
4167
3273
982
2320
2376
1339
3669
261
107
155
3795
4288
66
1965
4044
256
151
1173
2198
3064
2014
4019
336
1693
3685
4347
3458
4168
4462
1349
4971
3111
1508
1864
2586
2457
4834
3186
3285
3262
4595
2159
431
2193
801
2053
1013
1746
4760
112
3556
2893
171
2898
1105
415
2348
3315
4608
1026
4574
881
2852
1505
1650
2639
3874
158
2938
3334
3294
2300
3242
1128
2040
2615
1976
2874
3737
1755
2988
1650
1514
2627
4570
4616
1015
3264
3176
4278
4198
4111
2610
3833
1769
1816
2960
1953
712
2258
1843
1082
1139
3563
803
4376
394
3667
1770
2369
1179
4929
4974
502
2070
563
2015
3773
4261
4353
1847
3708
1983
1843
2844
322
3972
1737
1591
1382
3334
1834
4629
3231
1145
4883
3950
3498
180
1511
3684
359
1914
1901
2038
300
3650
4703
1843
1242
3284
942
3268
421
1205
1025
1227
2340
4068
4067
2902
1983
4293
3268
2284
494
2047
4540
1176
4080
3599
2913
1687
20
2794
1964
288
1652
4749
338
4178
1671
1444
4792
2320
444
2730
3575
2830
1632
4229
1704
264
595
4256
4238
2668
4144
4286
2456
1696
4665
3267
4638
4667
1628
359
4353
1939
2894
1905
2729
425
3291
3308
3158
774
4420
1168
2740
3523
3885
1789
1992
356
3620
1356
4801
3105
1055
1287
4512
1878
1945
4350
2531
88
3159
1056
4586
4644
3703
3299
4779
2239
2610
4437
2957
1968
2798
2923
4409
220
3425
2434
3958
187
2408
64
954
4529
3062
2205
3141
2055
1773
2490
1497
4047
23
4198
1825
1976
4023
1438
2615
2337
3983
1127
2365
4410
1199
1089
4278
1719
171
4559
3861
2745
3593
1495
30
3492
2625
4861
3046
615
2391
2096
3651
364
151
3603
2818
3690
2912
2471
2678
982
3384
2350
3189
4910
753
4852
4135
233
3405
19
503
4614
2161
4700
4444
1250
4201
162
4019
270
3776
3784
2511
69
1846
2593
1661
1938
2023
566
1222
839
2332
4772
533
3342
4348
4158
3757
2351
2801
1640
354
11
4528
741
1042
806
3211
515
70
2417
1776
3825
3853
1690
2887
4546
2613
3144
1147
3353
4755
2151
2076
2705
1907
1912
380
2739
2682
1100
4641
1005
3643
2103
1262
219
2938
2629
335
1930
2681
2508
2050
2864
4123
4128
1711
1504
831
1137
3357
1100
3261
4725
820
4527
3364
876
1164
4862
621
3701
3590
3682
3775
3409
309
2431
2555
189
4866
4979
1225
4411
977
3027
3017
2134
1607
1802
3974
302
4059
2181
4377
1835
4967
1623
780
4006
500
537
2402
1612
37
2904
1677
4366
138
4231
4334
3431
2974
1731
2965
3024
499
3293
4972
3248
4482
3507
143
795
2736
1806
3629
1986
2442
2028
4196
3005
2161
933
4840
1710
2634
1566
2317
652
1185
638
961
1441
2973
1656
19
1503
1406
2533
3854
2630
4019
1764
896
828
3071
3100
417
4782
4939
2212
413
1018
4506
853
4927
3962
3831
2405
3673
3561
2586
3428
1353
2096
2042
2087
1777
1749
4131
2859
316
2236
4854
1011
762
855
1308
2066
1082
1684
1070
474
3936
4221
1769
1941
1803
199
1438
1523
4161
3620
4559
1235
3214
2337
110
2852
2653
2898
1807
3837
1968
1038
3370
2214
415
1070
510
536
252
4159
3241
3992
1355
1114
976
913
4582
1381
4872
3055
4863
3081
3296
2440
2765
436
1501
1419
3851
4265
1815
3930
4676
1044
509
1996
1699
2558
4353
1865
3026
1361
1370
3241
675
2128
2132
3792
3501
3762
2830
3995
2755
3549
4450
4896
949
1365
469
4899
3303
3187
660
17
1975
4261
4181
2716
2558
3583
20
2851
1040
865
1120
416
3114
517
591
3411
1722
3972
1874
4342
